1222440902
1725988495
3675837114
2936265057
1176588948
751152365
1850145863
580505381
244699340
1708588497
2427400632
3327174532
395187069
170794682
4145824807
3460536215
3946055050
735953632
982234516
1698498399
3990423888
88494480
3634065217
3132701157
3484958000
960295612
2590048862
2949078681
3462587804
3792504560
3835159463
3148899536
3502098208
2765956543
2125241219
2363793247
946801772
3206224017
2075330536
1023014162
2489354811
407300167
4226906701
3147981365
2237728831
251975297
3733936598
684877671
3400023226
1980801432
4197043344
1371607934
1120829161
1614707256
3309342073
835328518
2155757257
395005262
469985686
2412113613
1846837957
4073951808
127575992
1193285935
872869200
471809886
1725017193
1469713845
1753478991
341775170
1409705825
945090746
50802653
1896661980
902582338
1286040695
3334868846
2459057499
228925321
1193687870
1753387558
1083780630
1453635718
2775226943
1913422021
1452924196
2267378738
2252840766
1223500236
166958843
600814832
1020131174
3525007387
59475459
29089667
687676310
1835915160
2590314403
104979372
690396247
871129670
4102673990
572694892
2889528015
2592328724
3078751234
2767695268
58455604
1300265441
1890747282
1839534453
632870650
2949181150
2397918141
71449798
827632297
1866462533
3267100116
2463143248
827453563
2344029139
2508606041
822364447
235464925
14871335
2697722660
4064509985
3555538291
408837918
3183131186
2641725742
2719793400
3535798354
2190249875
1458448324
2917462812
4023962633
827779898
3982079353
3736067833
2462457638
4243956884
1660491568
1792986576
2258127521
2569733067
2908108567
1900432842
4260541078
2066451662
3812918488
1831297638
3244407506
3526852540
3268141190
3996787632
1941755343
2764779340
2173490364
4014411847
2403168127
4033906218
2760980239
1977762488
602825027
3566891315
2982507232
3014638543
3049208291
1112430300
3466662415
4171066989
3573076294
4111871627
4115194049
2326847476
1834748546
67740218
137674835
3550000293
2521195157
3917744699
2446516916
1721509815
558307217
1612805805
896791782
3364466716
1830465459
3876861282
312347966
1113056103
3150927758
4002535154
1692527781
879590336
4087015446
1937053281
1282390669
567270415
3473825338
3571765062
101032799
1512156189
2820245756
3619438065
257106765
2487382976
2634287674
83980171
2100684402
2721015675
4004626215
939892559
2099533201
3922834354
2062330689
1067583437
1373338108
3882197656
3835272659
4143017869
3861357070
1965714199
2658216965
1193222631
683708307
1651473490
1955056922
1180183369
1026600450
1378250725
186801529
2242829567
1933753328
1682172597
2489062707
51509281
1399828966
1578451544
2036847184
2801790335
1219063814
2587249704
571495354
2610072249
1968270020
3130115587
1619399005
2217460436
441297871
472966211
4177439595
3502754095
2058152779
1114643837
3029371837
1696330016
2457508966
4122011379
3055525523
1512281699
3835816303
3111844333
1504345882
4273400003
3846234549
2170252391
1957426733
267591707
1741532496
643019386
4121154217
2600051343
933456766
3051603564
1370417451
191996049
3338069232
3636827170
4236520986
1296801598
1740992564
3198821244
2380237285
2122825148
1303166517
2148195410
711681395
27772697
2837474169
3948938546
2584060386
1716519989
871777006
4280762759
1200907752
4149092770
1439366201
313899221
1831114363
2860916239
579934766
1244469674
452774730
66536457
2575516763
820884497
3325684144
41707652
3702705984
3127111753
156559466
1181789142
2842866542
1036175210
3836157204
2774924377
593922115
94149825
1997035115
173901683
4293077043
806521246
3489890273
446633714
2253360277
2526124390
3329673709
2440033773
450842349
188323424
1782058909
3547222235
1522717057
2312988516
2384088089
1270789638
2429954992
2551373497
2209399577
1905241208
307658172
1216618018
4294699442
3629940779
2201156524
3817779275
3218043959
2572996996
3541254013
1462021050
3983757743
3351876956
3558474564
2779356133
3638973582
264732419
2244751428
1005530834
3422144128
2712563053
611034398
3370866779
3957522764
2019843317
1257782116
744619173
2102513793
4014351255
1678688675
16008095
1484951822
639926429
1811886119
2394325352
3824447621
2777391427
2463169501
4248942526
3854708200
1282393443
1591480595
640105013
3181800571
3073824097
2688928399
3510677055
3347399415
2345194919
2441856735
2369636252
2204146607
3103931439
4206808022
2165710303
1263410588
2495555042
2374925740
2441358810
1520337332
2265977471
1211330637
3440291287
2874461381
2120617355
4036151052
3069266679
3770514729
2573509340
1922343731
3924516280
1651852036
394002150
503309984
754827765
1044640781
1782559778
75168659
2469802383
3074253324
1234558474
4108941422
2843028772
2320817231
3991623925
3325424488
2424396917
997124790
1042434028
3681880684
1299240739
4258256926
4024917099
1299832042
3470249425
805329567
966088695
570505411
3785543288
3631047341
2450436860
3708853678
1166995950
539705944
3121656965
2802413797
799905628
3560099453
4184542746
648770657
3169331817
709337608
3605260539
495294447
1745373456
1751691905
183133516
3955218646
1300838440
535143681
2052778368
2683367900
2040357712
2307430903
1680416119
258470125
1306173550
477113115
2838672405
4232944238
1302135340
827751257
4256122787
3113920644
1250125053
2269484608
520884325
3565716753
1312282821
1485093976
3247472188
2163141841
1665225332
4269062251
2512277027
3196572315
187798914
1826298050
972334743
4067631319
732643512
3220256683
2576455373
4199476268
1301784824
3359914404
2507584208
2602611590
1711096782
2033860920
186573124
1344123452
1101687716
3474533802
2265766268
1948196252
1907436224
1577304829
1851846855
1225866676
2029919598
321526912
2350147638
2624211783
2830570509
3794352933
1857155134
3470909459
265560229
2777434444
2501161386
3796610646
4179686038
1237308532
367716916
2455321164
1349421429
2341279597
2797404515
2528845360
1000376687
3348904729
1271584662
982303565
1683185445
3263287093
2413337576
792946341
578770732
2448201763
958136278
2537745797
1651497334
1057360380
3182410558
2681679802
1598089598
1223218510
3376793541
2250551119
1239466526
1643767988
1601541244
4225523635
1832238867
3919058674
3522194194
111631945
1555719765
984264861
967278717
3107695697
4227497779
3778984533
4247771177
544047232
4171102707
1813462955
688594627
2340805254
1547207049
625259623
1020557500
3150888748
2322033964
4230343599
1107680541
1318120775
1011482456
2336848865
3703354442
3006840961
2801467348
3500683230
2553031735
2694639445
2502813597
4036314183
2800173554
3714142483
2243920657
1369288370
1711267324
1226920883
319244098
1198384993
3739446078
452510599
3894262274
1326593325
2193692898
1347553820
886242925
3689430993
1850384617
2224236141
353778863
1731359313
2644378311
1450527993
2341165526
2216484986
1069182277
1155698921
1907194109
1055312261
1719758432
436870672
620883547
753430099
1924641825
2045972132
648805743
193092635
859258201
2325600894
1251696968
3010443755
215836531
4196008829
2930346338
3607919836
3407939485
1063449253
119062319
485335445
2872627676
2519970280
4122216677
3094200830
1472901398
653958470
1752278020
1236488650
1475623522
497368163
1285451348
734687499
2040592560
3767601362
1363367326
2629560125
1924404199
1742314647
365866082
300498794
3758313173
1600754786
3190649972
1814054871
1840565372
446172329